8.096937835216522217e-02
5.097811818122863770e-01
8.096937835216522217e-02
6.407135725021362305e-01
8.096937835216522217e-02
8.096937835216522217e-02
7.430854439735412598e-02
8.096937835216522217e-02
9.049911499023437500e-01
7.430854439735412598e-02
7.430854439735412598e-02
7.817869782447814941e-01
8.096937835216522217e-02
8.997653722763061523e-01
7.430854439735412598e-02
1.145049110054969788e-01
9.476507306098937988e-01
7.430854439735412598e-02
8.997653722763061523e-01
8.130346536636352539e-01
9.780797362327575684e-02
4.703080952167510986e-01
7.430854439735412598e-02
8.130346536636352539e-01
8.096937835216522217e-02
8.096937835216522217e-02
9.137202501296997070e-01
8.096937835216522217e-02
7.430854439735412598e-02
8.096937835216522217e-02
8.891820311546325684e-01
8.096937835216522217e-02
9.261186718940734863e-01
9.261186718940734863e-01
7.430854439735412598e-02
8.096937835216522217e-02
9.049911499023437500e-01
7.430854439735412598e-02
7.430854439735412598e-02
5.953249335289001465e-01
7.430854439735412598e-02
4.902081191539764404e-01
8.096937835216522217e-02
8.096937835216522217e-02
8.997653722763061523e-01
4.940468966960906982e-01
3.400008380413055420e-01
8.096937835216522217e-02
4.940468966960906982e-01
9.476507306098937988e-01
9.261186718940734863e-01
8.513398170471191406e-01
8.096937835216522217e-02
7.430854439735412598e-02
6.407135725021362305e-01
7.430854439735412598e-02
9.049911499023437500e-01
8.891820311546325684e-01
7.145753502845764160e-01
8.997653722763061523e-01
8.096937835216522217e-02
7.430854439735412598e-02
3.400008380413055420e-01
8.997653722763061523e-01
7.430854439735412598e-02
7.430854439735412598e-02
1.859656721353530884e-01
8.096937835216522217e-02
9.137202501296997070e-01
3.400008380413055420e-01
4.703080952167510986e-01
8.096937835216522217e-02
9.476507306098937988e-01
1.859656721353530884e-01
9.049911499023437500e-01
8.096937835216522217e-02
9.476507306098937988e-01
1.859656721353530884e-01
8.096937835216522217e-02
9.476507306098937988e-01
8.096937835216522217e-02
8.096937835216522217e-02
9.476507306098937988e-01
8.096937835216522217e-02
8.997653722763061523e-01
8.997653722763061523e-01
9.261186718940734863e-01
1.145049110054969788e-01
7.815640568733215332e-01
7.079182863235473633e-01
7.430854439735412598e-02
3.400008380413055420e-01
7.430854439735412598e-02
9.049911499023437500e-01
7.430854439735412598e-02
9.261186718940734863e-01
8.096937835216522217e-02
8.096937835216522217e-02
3.400008380413055420e-01
8.096937835216522217e-02
8.997653722763061523e-01
3.400008380413055420e-01
8.513398170471191406e-01
8.997653722763061523e-01
9.476507306098937988e-01
8.096937835216522217e-02
1.859656721353530884e-01
8.096937835216522217e-02
3.400008380413055420e-01
8.096937835216522217e-02
5.223672986030578613e-01
9.137202501296997070e-01
3.400008380413055420e-01
8.096937835216522217e-02
7.430854439735412598e-02
5.953249335289001465e-01
9.476507306098937988e-01
6.407135725021362305e-01
9.780797362327575684e-02
7.815640568733215332e-01
4.902081191539764404e-01
7.430854439735412598e-02
3.400008380413055420e-01
5.223672986030578613e-01
8.096937835216522217e-02
8.096937835216522217e-02
7.430854439735412598e-02
3.246793150901794434e-01
7.430854439735412598e-02
6.630564332008361816e-01
8.096937835216522217e-02
9.476507306098937988e-01
9.261186718940734863e-01
9.049911499023437500e-01
5.953249335289001465e-01
8.891820311546325684e-01
7.430854439735412598e-02
4.500530362129211426e-01
9.476507306098937988e-01
9.261186718940734863e-01
9.255410432815551758e-01
9.255410432815551758e-01
9.137202501296997070e-01
3.400008380413055420e-01
5.223672986030578613e-01
3.400008380413055420e-01
8.096937835216522217e-02
7.430854439735412598e-02
8.096937835216522217e-02
8.997653722763061523e-01
8.096937835216522217e-02
8.096937835216522217e-02
8.096937835216522217e-02
3.400008380413055420e-01
8.096937835216522217e-02
9.137202501296997070e-01
8.997653722763061523e-01
3.400008380413055420e-01
9.261186718940734863e-01
1.752300858497619629e-01
9.476507306098937988e-01
9.476507306098937988e-01
8.096937835216522217e-02
8.096937835216522217e-02
7.430854439735412598e-02
5.594695210456848145e-01
9.137202501296997070e-01
8.096937835216522217e-02
3.400008380413055420e-01
8.096937835216522217e-02
8.096937835216522217e-02
8.096937835216522217e-02
8.096937835216522217e-02
8.096937835216522217e-02
9.261186718940734863e-01
9.261186718940734863e-01
9.049911499023437500e-01
8.096937835216522217e-02
8.096937835216522217e-02
1.859656721353530884e-01
9.261186718940734863e-01
8.096937835216522217e-02
9.261186718940734863e-01
8.997653722763061523e-01
7.430854439735412598e-02
8.891820311546325684e-01
8.096937835216522217e-02
8.997653722763061523e-01
5.953249335289001465e-01
9.049911499023437500e-01
3.400008380413055420e-01
8.096937835216522217e-02
8.096937835216522217e-02
8.096937835216522217e-02
7.430854439735412598e-02
9.780797362327575684e-02
8.997653722763061523e-01
8.096937835216522217e-02
9.476507306098937988e-01
5.097811818122863770e-01
1.545387506484985352e-01
8.096937835216522217e-02
8.096937835216522217e-02
7.430854439735412598e-02
8.096937835216522217e-02
3.400008380413055420e-01
8.096937835216522217e-02
7.770185470581054688e-01
8.096937835216522217e-02
9.476507306098937988e-01
9.476507306098937988e-01
4.902081191539764404e-01
1.729399561882019043e-01
7.430854439735412598e-02
9.049911499023437500e-01
9.780797362327575684e-02
9.476507306098937988e-01
8.096937835216522217e-02
8.096937835216522217e-02
8.096937835216522217e-02
9.476507306098937988e-01
5.953249335289001465e-01
7.430854439735412598e-02
8.096937835216522217e-02
8.096937835216522217e-02
9.476507306098937988e-01
8.096937835216522217e-02
9.255410432815551758e-01
8.096937835216522217e-02
1.859656721353530884e-01
3.400008380413055420e-01
8.096937835216522217e-02
7.430854439735412598e-02
3.400008380413055420e-01
7.430854439735412598e-02
4.703080952167510986e-01
9.137202501296997070e-01
7.815640568733215332e-01
9.261186718940734863e-01
9.137202501296997070e-01
8.096937835216522217e-02
9.261186718940734863e-01
7.817869782447814941e-01
7.430854439735412598e-02
8.997653722763061523e-01
4.318745136260986328e-01
6.630564332008361816e-01
7.917314171791076660e-01
8.997653722763061523e-01
8.997653722763061523e-01
9.476507306098937988e-01
9.261186718940734863e-01
3.400008380413055420e-01
1.752300858497619629e-01
9.261186718940734863e-01
7.430854439735412598e-02
7.430854439735412598e-02
8.096937835216522217e-02
7.454983890056610107e-02
7.430854439735412598e-02
8.096937835216522217e-02
8.041014522314071655e-02
9.476507306098937988e-01
9.476507306098937988e-01
4.940468966960906982e-01
8.096937835216522217e-02
8.997653722763061523e-01
8.096937835216522217e-02
8.997653722763061523e-01
1.094932109117507935e-01
3.400008380413055420e-01
7.430854439735412598e-02
9.137202501296997070e-01
8.096937835216522217e-02
7.430854439735412598e-02
8.096937835216522217e-02
7.190893888473510742e-01
9.049911499023437500e-01
3.354741632938385010e-01
7.430854439735412598e-02
8.096937835216522217e-02
9.261186718940734863e-01
4.196414053440093994e-01
7.430854439735412598e-02
3.400008380413055420e-01
7.430854439735412598e-02
3.400008380413055420e-01
8.096937835216522217e-02
4.196414053440093994e-01
8.096937835216522217e-02
8.096937835216522217e-02
8.041014522314071655e-02
3.400008380413055420e-01
9.476507306098937988e-01
4.865206182003021240e-01
7.541151046752929688e-01
9.021025300025939941e-01
7.495118379592895508e-01
9.476507306098937988e-01
6.605989933013916016e-01
5.182712674140930176e-01
8.096937835216522217e-02
7.541151046752929688e-01
8.513398170471191406e-01
9.255410432815551758e-01
3.246793150901794434e-01
9.476507306098937988e-01
3.660204708576202393e-01
8.802375197410583496e-01
8.291817903518676758e-01
7.145753502845764160e-01
4.771433770656585693e-01
8.542205691337585449e-01
3.333096802234649658e-01
7.917314171791076660e-01
2.557293176651000977e-01
6.259024143218994141e-01
8.542205691337585449e-01
9.255410432815551758e-01
8.542205691337585449e-01
8.628818988800048828e-01
9.476507306098937988e-01
6.096568107604980469e-01
9.229941964149475098e-01
9.476507306098937988e-01
9.476507306098937988e-01
8.096937835216522217e-02
8.802375197410583496e-01
9.021025300025939941e-01
8.344293236732482910e-01
7.055516839027404785e-01
3.400008380413055420e-01
8.096937835216522217e-02
3.400008380413055420e-01
3.400008380413055420e-01
7.815640568733215332e-01
6.630564332008361816e-01
8.391749262809753418e-01
6.605989933013916016e-01
6.765586733818054199e-01
8.344293236732482910e-01
8.344293236732482910e-01
9.049911499023437500e-01
9.476507306098937988e-01
9.476507306098937988e-01
9.476507306098937988e-01
9.476507306098937988e-01
9.476507306098937988e-01
9.211143851280212402e-01
8.997653722763061523e-01
9.476507306098937988e-01
8.802375197410583496e-01
9.476507306098937988e-01
8.997653722763061523e-01
3.333096802234649658e-01
7.815640568733215332e-01
9.049911499023437500e-01
7.770185470581054688e-01
8.891820311546325684e-01
8.891820311546325684e-01
8.891820311546325684e-01
9.476507306098937988e-01
8.891820311546325684e-01
9.476507306098937988e-01
8.891820311546325684e-01
5.953249335289001465e-01
9.261186718940734863e-01
3.400008380413055420e-01
9.261186718940734863e-01
9.261186718940734863e-01
8.802375197410583496e-01
9.261186718940734863e-01
3.400008380413055420e-01
8.997653722763061523e-01
9.476507306098937988e-01
7.430854439735412598e-02
4.940468966960906982e-01
9.049911499023437500e-01
9.261186718940734863e-01
3.400008380413055420e-01
7.079182863235473633e-01
7.079182863235473633e-01
9.261186718940734863e-01
7.870054841041564941e-01
9.476507306098937988e-01
9.476507306098937988e-01
9.476507306098937988e-01
8.997653722763061523e-01
9.476507306098937988e-01
8.997653722763061523e-01
9.476507306098937988e-01
9.476507306098937988e-01
9.476507306098937988e-01
9.021025300025939941e-01
9.261186718940734863e-01
9.476507306098937988e-01
4.902081191539764404e-01
9.476507306098937988e-01
7.145753502845764160e-01
8.891820311546325684e-01
7.870054841041564941e-01
9.476507306098937988e-01
9.021025300025939941e-01
9.261186718940734863e-01
8.891820311546325684e-01
9.049911499023437500e-01
9.476507306098937988e-01
9.476507306098937988e-01
9.476507306098937988e-01
8.891820311546325684e-01
9.261186718940734863e-01
9.049911499023437500e-01
8.997653722763061523e-01
8.891820311546325684e-01
9.137202501296997070e-01
7.870054841041564941e-01
9.137202501296997070e-01
3.400008380413055420e-01
8.344293236732482910e-01
8.391749262809753418e-01
7.036024928092956543e-01
8.096937835216522217e-02
9.476507306098937988e-01
6.630564332008361816e-01
4.500530362129211426e-01
5.769914984703063965e-01
8.096937835216522217e-02
8.997653722763061523e-01
7.079182863235473633e-01
4.940468966960906982e-01
8.997653722763061523e-01
3.400008380413055420e-01
9.229941964149475098e-01
9.261186718940734863e-01
8.344293236732482910e-01
3.400008380413055420e-01
7.145753502845764160e-01
9.261186718940734863e-01
8.891820311546325684e-01
8.096937835216522217e-02
7.055516839027404785e-01
8.997653722763061523e-01
9.049911499023437500e-01
7.079182863235473633e-01
9.049911499023437500e-01
6.630564332008361816e-01
9.049911499023437500e-01
6.605989933013916016e-01
8.997653722763061523e-01
6.630564332008361816e-01
6.907715201377868652e-01
8.997653722763061523e-01
9.049911499023437500e-01
6.605989933013916016e-01
9.049911499023437500e-01
7.541151046752929688e-01
8.891820311546325684e-01
9.476507306098937988e-01
9.049911499023437500e-01
3.400008380413055420e-01
9.261186718940734863e-01
9.476507306098937988e-01
8.344293236732482910e-01
3.400008380413055420e-01
6.907715201377868652e-01
8.096937835216522217e-02
8.628818988800048828e-01
7.430854439735412598e-02
8.542205691337585449e-01
7.817869782447814941e-01
9.476507306098937988e-01
9.137202501296997070e-01
9.049911499023437500e-01
7.714999318122863770e-01
8.096937835216522217e-02
9.476507306098937988e-01
4.771433770656585693e-01
7.917314171791076660e-01
9.261186718940734863e-01
8.628818988800048828e-01
7.817869782447814941e-01
6.325429677963256836e-01
7.348821163177490234e-01
8.344293236732482910e-01
9.049911499023437500e-01
7.696558833122253418e-01
1.152218356728553772e-01
9.261186718940734863e-01
2.051509767770767212e-01
9.137202501296997070e-01
4.940468966960906982e-01
9.476507306098937988e-01
7.845614552497863770e-01
7.714999318122863770e-01
9.255410432815551758e-01
5.953249335289001465e-01
8.254406452178955078e-01
9.229941964149475098e-01
9.476507306098937988e-01
8.997653722763061523e-01
9.229941964149475098e-01
9.261186718940734863e-01
9.261186718940734863e-01
3.333096802234649658e-01
9.229941964149475098e-01
7.036024928092956543e-01
9.137202501296997070e-01
8.096937835216522217e-02
8.344293236732482910e-01
9.476507306098937988e-01
3.333096802234649658e-01
9.261186718940734863e-01
8.096937835216522217e-02
6.843815445899963379e-01
8.802375197410583496e-01
8.080851435661315918e-01
8.891820311546325684e-01
9.049911499023437500e-01
3.729067146778106689e-01
7.145753502845764160e-01
7.079182863235473633e-01
9.229941964149475098e-01
7.145753502845764160e-01
8.997653722763061523e-01
3.400008380413055420e-01
8.096937835216522217e-02
9.261186718940734863e-01
1.152218356728553772e-01
6.630564332008361816e-01
9.049911499023437500e-01
9.049911499023437500e-01
9.261186718940734863e-01
9.476507306098937988e-01
9.261186718940734863e-01
9.229941964149475098e-01
8.997653722763061523e-01
7.036024928092956543e-01
9.229941964149475098e-01
9.261186718940734863e-01
3.400008380413055420e-01
7.036024928092956543e-01
5.352718830108642578e-01
6.407135725021362305e-01
9.229941964149475098e-01
7.430854439735412598e-02
3.333096802234649658e-01
8.891820311546325684e-01
6.649408340454101562e-01
7.541151046752929688e-01
1.486566066741943359e-01
9.261186718940734863e-01
8.096937835216522217e-02
7.327966690063476562e-01
5.797094702720642090e-01
1.152218356728553772e-01
8.891820311546325684e-01
7.917314171791076660e-01
7.327966690063476562e-01
7.378351688385009766e-01
9.229941964149475098e-01
8.096937835216522217e-02
8.096937835216522217e-02
9.261186718940734863e-01
9.049911499023437500e-01
9.261186718940734863e-01
9.261186718940734863e-01
9.049911499023437500e-01
9.476507306098937988e-01
8.344293236732482910e-01
9.255410432815551758e-01
7.917314171791076660e-01
9.049911499023437500e-01
7.079182863235473633e-01
9.049911499023437500e-01
9.049911499023437500e-01
9.049911499023437500e-01
9.137202501296997070e-01
9.261186718940734863e-01
9.229941964149475098e-01
9.261186718940734863e-01
8.997653722763061523e-01
7.541151046752929688e-01
9.476507306098937988e-01
1.152218356728553772e-01
9.049911499023437500e-01
5.987426638603210449e-01
9.261186718940734863e-01
4.940468966960906982e-01
9.261186718940734863e-01
8.891820311546325684e-01
8.096937835216522217e-02
3.400008380413055420e-01
7.917314171791076660e-01
9.476507306098937988e-01
7.145753502845764160e-01
7.079182863235473633e-01
9.476507306098937988e-01
8.096937835216522217e-02
8.568795919418334961e-01
9.049911499023437500e-01
8.997653722763061523e-01
7.036024928092956543e-01
8.891820311546325684e-01
8.344293236732482910e-01
8.096937835216522217e-02
3.246793150901794434e-01
9.137202501296997070e-01
9.049911499023437500e-01
9.476507306098937988e-01
9.476507306098937988e-01
7.870054841041564941e-01
1.486566066741943359e-01
9.476507306098937988e-01
3.333096802234649658e-01
7.770185470581054688e-01
9.255410432815551758e-01
1.094932109117507935e-01
1.152218356728553772e-01
5.182712674140930176e-01
7.430854439735412598e-02
3.333096802234649658e-01
6.414648294448852539e-01
9.049911499023437500e-01
9.049911499023437500e-01
8.909159302711486816e-01
7.079182863235473633e-01
3.400008380413055420e-01
8.096937835216522217e-02
7.866438627243041992e-01
1.859656721353530884e-01
5.878000259399414062e-01
9.261186718940734863e-01
9.229941964149475098e-01
5.797094702720642090e-01
2.232344746589660645e-01
9.255410432815551758e-01
4.491457045078277588e-01
9.049911499023437500e-01
4.771433770656585693e-01
7.430854439735412598e-02
7.430854439735412598e-02
7.870054841041564941e-01
7.454983890056610107e-02
8.628818988800048828e-01
7.430854439735412598e-02
5.348652005195617676e-01
6.605989933013916016e-01
7.430854439735412598e-02
9.229941964149475098e-01
9.021025300025939941e-01
3.400008380413055420e-01
8.542205691337585449e-01
1.545387506484985352e-01
8.096937835216522217e-02
3.400008380413055420e-01
3.400008380413055420e-01
1.859656721353530884e-01
1.152218356728553772e-01
8.096937835216522217e-02
7.190893888473510742e-01
8.096937835216522217e-02
2.172347754240036011e-01
3.400008380413055420e-01
7.770185470581054688e-01
5.953249335289001465e-01
9.261186718940734863e-01
8.096937835216522217e-02
1.025104299187660217e-01
7.430854439735412598e-02
2.167035043239593506e-01
7.430854439735412598e-02
9.137202501296997070e-01
7.430854439735412598e-02
7.870054841041564941e-01
7.749519944190979004e-01
8.096937835216522217e-02
6.652483344078063965e-01
8.096937835216522217e-02
1.044922024011611938e-01
5.021299123764038086e-01
8.822031021118164062e-01
3.400008380413055420e-01
7.430854439735412598e-02
2.082708030939102173e-01
8.096937835216522217e-02
9.137202501296997070e-01
3.246793150901794434e-01
8.096937835216522217e-02
5.097811818122863770e-01
1.859656721353530884e-01
9.476507306098937988e-01
9.137202501296997070e-01
7.430854439735412598e-02
4.902081191539764404e-01
2.172347754240036011e-01
9.261186718940734863e-01
9.211143851280212402e-01
8.802375197410583496e-01
7.190893888473510742e-01
9.049911499023437500e-01
4.865206182003021240e-01
8.096937835216522217e-02
4.990389943122863770e-01
7.430854439735412598e-02
9.255410432815551758e-01
8.096937835216522217e-02
1.859656721353530884e-01
9.255410432815551758e-01
9.476507306098937988e-01
7.145753502845764160e-01
8.997653722763061523e-01
5.182712674140930176e-01
4.771433770656585693e-01
7.430854439735412598e-02
8.041014522314071655e-02
2.082708030939102173e-01
8.997653722763061523e-01
1.859656721353530884e-01
8.997653722763061523e-01
9.049911499023437500e-01
7.079182863235473633e-01
7.036024928092956543e-01
8.909159302711486816e-01
3.400008380413055420e-01
4.902081191539764404e-01
8.909159302711486816e-01
8.096937835216522217e-02
1.859656721353530884e-01
7.430854439735412598e-02
8.096937835216522217e-02
4.902081191539764404e-01
8.802375197410583496e-01
8.909159302711486816e-01
1.094932109117507935e-01
8.495816588401794434e-01
7.190893888473510742e-01
9.137202501296997070e-01
9.049911499023437500e-01
1.025104299187660217e-01
3.660204708576202393e-01
7.430854439735412598e-02
9.261186718940734863e-01
2.082708030939102173e-01
2.172347754240036011e-01
7.495118379592895508e-01
8.513398170471191406e-01
4.771433770656585693e-01
3.400008380413055420e-01
9.229941964149475098e-01
1.392741203308105469e-01
1.094932109117507935e-01
7.430854439735412598e-02
9.049911499023437500e-01
1.025104299187660217e-01
3.400008380413055420e-01
9.261186718940734863e-01
3.400008380413055420e-01
6.414648294448852539e-01
2.232344746589660645e-01
8.096937835216522217e-02
9.261186718940734863e-01
3.400008380413055420e-01
9.261186718940734863e-01
7.055516839027404785e-01
7.430854439735412598e-02
8.096937835216522217e-02
1.094932109117507935e-01
7.430854439735412598e-02
8.513398170471191406e-01
7.454983890056610107e-02
7.430854439735412598e-02
9.229941964149475098e-01
8.096937835216522217e-02
5.155302286148071289e-01
5.953249335289001465e-01
7.845614552497863770e-01
6.806341409683227539e-01
8.096937835216522217e-02
9.137202501296997070e-01
3.400008380413055420e-01
1.859656721353530884e-01
1.859656721353530884e-01
3.683865964412689209e-01
3.879824876785278320e-01
7.199505567550659180e-01
4.908195734024047852e-01
7.190893888473510742e-01
9.021025300025939941e-01
1.094932109117507935e-01
1.545387506484985352e-01
8.513398170471191406e-01
9.137202501296997070e-01
8.080851435661315918e-01
5.182712674140930176e-01
8.096937835216522217e-02
3.729067146778106689e-01
8.513398170471191406e-01
3.400008380413055420e-01
2.826992869377136230e-01
8.096937835216522217e-02
1.392741203308105469e-01
9.255410432815551758e-01
4.771433770656585693e-01
6.652483344078063965e-01
8.628818988800048828e-01
6.803629994392395020e-01
9.229941964149475098e-01
8.096937835216522217e-02
3.400008380413055420e-01
8.096937835216522217e-02
1.145049110054969788e-01
5.953249335289001465e-01
1.094932109117507935e-01
1.044922024011611938e-01
3.400008380413055420e-01
1.729399561882019043e-01
3.400008380413055420e-01
9.255410432815551758e-01
8.542205691337585449e-01
9.021025300025939941e-01
6.800118088722229004e-01
7.430854439735412598e-02
6.414648294448852539e-01
7.327966690063476562e-01
5.352718830108642578e-01
4.908195734024047852e-01
7.136861681938171387e-01
2.082708030939102173e-01
9.255410432815551758e-01
8.096937835216522217e-02
1.238932088017463684e-01
7.430854439735412598e-02
8.096937835216522217e-02
5.348652005195617676e-01
8.096937835216522217e-02
9.255410432815551758e-01
9.255410432815551758e-01
1.392741203308105469e-01
8.542205691337585449e-01
3.246793150901794434e-01
7.770185470581054688e-01
5.097811818122863770e-01
8.909159302711486816e-01
1.044922024011611938e-01
7.815640568733215332e-01
5.953249335289001465e-01
9.049911499023437500e-01
3.400008380413055420e-01
3.400008380413055420e-01
7.327966690063476562e-01
8.909159302711486816e-01
1.859656721353530884e-01
9.255410432815551758e-01
8.096937835216522217e-02
8.096937835216522217e-02
6.630564332008361816e-01
8.096937835216522217e-02
2.826992869377136230e-01
8.909159302711486816e-01
1.221746057271957397e-01
7.495118379592895508e-01
8.802375197410583496e-01
1.025104299187660217e-01
8.080851435661315918e-01
9.255410432815551758e-01
9.049911499023437500e-01
8.096937835216522217e-02
3.400008380413055420e-01
1.152218356728553772e-01
1.392741203308105469e-01
7.454983890056610107e-02
4.940468966960906982e-01
9.049911499023437500e-01
8.096937835216522217e-02
7.541151046752929688e-01
7.430854439735412598e-02
9.255410432815551758e-01
8.019940853118896484e-01
1.152218356728553772e-01
3.757005333900451660e-01
1.152218356728553772e-01
8.096937835216522217e-02
1.145049110054969788e-01
5.182712674140930176e-01
9.049911499023437500e-01
7.430854439735412598e-02
8.096937835216522217e-02
9.476507306098937988e-01
8.997653722763061523e-01
4.865206182003021240e-01
5.934059619903564453e-01
4.902081191539764404e-01
4.902081191539764404e-01
8.096937835216522217e-02
2.826992869377136230e-01
9.137202501296997070e-01
8.096937835216522217e-02
8.513398170471191406e-01
8.096937835216522217e-02
3.400008380413055420e-01
9.229941964149475098e-01
8.909159302711486816e-01
4.478231966495513916e-01
8.096937835216522217e-02
3.672620654106140137e-01
6.570285558700561523e-01
8.041014522314071655e-02
9.229941964149475098e-01
8.391749262809753418e-01
7.870054841041564941e-01
8.096937835216522217e-02
8.997653722763061523e-01
3.879824876785278320e-01
6.800118088722229004e-01
9.137202501296997070e-01
9.049911499023437500e-01
4.902081191539764404e-01
8.096937835216522217e-02
